GATE_DS_SB: 1265,3368,48,35
GATE_SB_SL: 2482,2135,48,35
GATE_LF_SB: 711,2391,48,35
SB_F03: 655,2190,48,232
SB_A10: 712,2309,54,35
SB_A09: 569,2228,48,35
SB_H03: 568,2125,204,78
SB_S06: 476,3383,48,25
SB_H02: 776,2086,204,78
SB_A04: 719,2079,54,35
SB_A13: 670,2079,48,35
SB_A01: 760,3314,52,35
SB_A11: 775,2031,48,35
SB_B01: 846,2039,105,35
SB_S07: 845,2011,48,35
SB_A12: 975,2032,48,35
SB_C01: 814,3316,148,35
SB_B02: 964,3318,113,35
SB_C05: 1042,3136,48,121
SB_A03: 983,2092,49,35
SB_E04: 1009,2121,254,38
SB_C06: 1125,3246,48,121
SB_S03: 1125,3288,48,35
SB_F02: 1108,3145,104,121
SB_D04: 1216,3231,48,150
SB_S04: 1211,3382,48,35
SB_G03: 1298,2128,355,35
SB_F01: 1334,3238,105,121
SB_J01: 1657,2119,252,78
SB_E02: 1917,2162,252,35
SB_G02: 2171,2162,362,35
SB_S05: 2529,2163,48,35
SB_C07: 1767,873,154,45
SB_J02: 1921,830,252,78
SB_J03: 1571,2074,504,37
SB_S02: 1976,2052,48,35
SB_I01: 1050,3026,152,120
SB_S01: 1102,1878,48,35
SB_D06: 1040,2883,48,154
SB_E05: 842,1620,262,35
SB_A14: 787,1620,54,35
SB_D02: 579,1620,204,35
SB_A02: 702,2901,48,35
SB_J04: 394,2876,255,78
SB_A08: 293,2881,48,35
SB_B03: 238,1631,48,78
SB_A07: 277,1595,48,35
SB_E03: 324,1619,255,40
SB_D05: 425,348,204,35
SB_A06: 515,312,48,35
SB_A05: 610,312,48,35
SB_D03: 33,1628,204,35
SB_D07: 10,1477,48,150
SB_D01: 76,1416,104,78
SB_C08: 203,1422,152,35
SB_E01: 372,1424,252,35
SB_E06: 626,1420,268,35
SB_C09: 896,1338,54,120
SB_L01: 955,1256,210,126
GATE_SB_OE: 265,2142,48,35
GATE_SB_VS: 1624,3180,48,35
SB_E07: 1232,3128,151,80
SB_B04: 1330,3110,48,74
SB_S10: 1361,1881,48,35
SB_C10: 1272,3208,151,35
SB_G04: 1377,3136,247,72
SB_GOR01: 364,2129,192,35
SB_GOR02: 322,2163,146,44
SB_TESTB: 712,3416,105,35
SB_TESTC: 973,3413,148,35
SB_C02: 819,3398,152,35
SB_TOPSIDE: 687,2447,96,35
SB_S09: 771,2426,48,35
SB_J10: 728,1972,504,35
SB_C11: 624,1983,48,114
GATE_SB_HH: 1950,2112,48,35
GATE_HH_SB: 1089,2885,56,37
