GATE_DS_SB: 953,2408,48,35
GATE_SB_SL: 2170,1495,48,35
GATE_LF_SB: 399,1750,48,35
GATE_SB_VS: 1312,2219,48,35
SB_F03: 343,1550,48,232
SB_A10: 399,1669,54,35
SB_A09: 257,1587,48,35
SB_H03: 255,1484,204,78
SB_S06: 164,2424,48,25
SB_H02: 463,1446,204,78
SB_A04: 407,1439,54,35
SB_A13: 357,1439,48,35
SB_A01: 447,2354,52,35
SB_A11: 462,1391,48,35
SB_B01: 534,1399,105,35
SB_S07: 531,1368,48,35
SB_A12: 662,1392,48,35
SB_C01: 502,2356,148,35
SB_B02: 652,2358,113,35
SB_C05: 729,2176,48,121
SB_A03: 670,1452,49,35
SB_E04: 697,1481,254,38
SB_C06: 813,2286,48,121
SB_S03: 813,2327,48,35
SB_F02: 796,2185,104,121
SB_E07: 920,2167,151,80
SB_B04: 1017,2149,48,74
SB_S10: 1054,1232,48,35
SB_C10: 960,2246,151,35
SB_G04: 1065,2175,247,72
SB_D04: 904,2271,48,150
SB_S04: 899,2422,48,35
SB_G03: 986,1488,355,35
SB_F01: 1022,2277,105,121
SB_J01: 1344,1479,252,78
SB_E02: 1605,1522,252,35
SB_G02: 1859,1522,362,35
SB_S05: 2216,1522,48,35
SB_C07: 1454,553,154,45
SB_J02: 1608,510,252,78
SB_J03: 1258,1434,504,37
SB_S02: 1663,1412,48,35
SB_I01: 738,2066,152,120
SB_S01: 790,1238,48,35
SB_D06: 728,1922,48,154
SB_E05SAINT: 730,936,48,79
SB_GOR01: 51,1488,192,35
SB_GOR02SAINT: 10,1523,146,44
SB_TESTB: 400,2456,105,35
SB_TESTC: 661,2453,148,35
SB_C02: 507,2438,152,35
SB_TOPSIDE: 375,1807,96,35
SB_S09: 459,1786,48,35
SB_J10: 415,1333,504,35
SB_C11: 312,1341,48,114
GATE_SB_HH: 1950,2112,48,35
GATE_HH_SB: 1089,2885,56,37
