HH_07_Gravel
51*37
0.0000*1.0000|0|0
-220,-10
Border: Solid




0

1|1|1|1|1|1|1|1|1|1|1|1|1|1|1|1|1|1|1|1|1|1|1|1|1|1|1|1|1|1|1|1|1|1|1|1|1|1|1|1|1|1|1|1|1|1|1|1|1|0,6|0,6|0,6|0,6|0,6|0,6|0,6|0,6|0,6|0,6|0,6|0,6|1|1|1|1|1|1|1|1|1|1|1|1|1|1|1|1|1|1|1|1|1|1|1|0,6|0,6|0,6|0,6|0,6|0,6|0,6|0,6|0,6|0,6|0,6|0,6|0,6|0,6|0,6|0,6|0,6|1|1|1|1|1|1|1|1|1|1|1|1|1|1|1|1|1|1|1|1|0,6|0,6|0,6|0,6|0,6|0,6|0,6|0,6|0,6|0,6|0,6|0,6|0,6|0,6|0,6|0,6|0,6|0,6|0,7,6|1|1|1|1|1|1|1|1|1|1|1|1|1|1|1|1|1|0,6|0,6|0,6|0,6|0,6|0,6|0,6|0,6|0,6|0,6|0,6|0,6|0,6|0,6|0,6|0,6|0,6|0,6|0,6|0,7,6|1|1|1|1|1|1|1|1|1|1|1|1|1|1|1|1|0,6|0,6|0,6|0,6|0,6|0,6|0,6|0,6|0,6|0,6|0,6|0,6|0,6|0,6|0,6|0,6|0,6|0,6|0,6|0,6|0,7,6|1|1|1|1|1|1|1|1|1|1,4,3|1,3|1,3|1,3|1,3|4,3,6|0,8,1,6|0,1,6|0,1,6|0,1,6|0,1,6|0,1,6|0,1,6|0,1,6|0,6|0,6|0,6|0,6|0,6|0,6|0,6|0,6|0,1,6|0,1,6|0,1,6|0,1,6|0,1,6|0,1,6|0,1,6|3,1,6|4,3,6|1,3|1,3|1,3|1,3|1,4,3|1|1|1|1|1|1|1|1|0,6|0,6|0,6|0,6|0,6|0,6|0,6|0,6|0|0|0|0|0,6|0,6|0,6|0,6|0,6|0,6|0,6|0,6|0,6|0,6|1|1|1|1|1|1|1|1|1|1|1|1|1|1|1|0,6|0,6|0,6|0,6|0,6|0,6|0|0|0|0|0|0|0|0|0,6|0,6|0,6|0,6|0,6|0,6|0,6|0,6|1|1|1|1|1|1|1|1|1|1|1|1|1|1|0,6|0,6|0,6|0,6|0,6|0,6|0|0|0|0|0|0|0|0|0|0|0,6|0,6|0,6|0,6|0,6|0,6|0,6|0,6|1|1|1|1|1|1|1|1|1|1|1|1|1|0,6|0,6|0,6|0,6|0,6|0,6|0|0|0|0|0|0|0|0|0|0|0|0,6|0,6|0,6|0,6|0,6|0,6|0,6|1|1|1|1|1|1|1|1|1|1|1|1|0,6|0,6|0,6|0,6|0,6|0,6|0|0|0|0|0|0|0|0|0|0|0|0|0,6|0,6|0,6|0,6|0,6|0,6|0,6|1|1|1|1|1|1|1|1|1|1|1|1|0,6|0,6|0,6|0,6|0,6|0,6|0,6|0,6|0,6|0|0|0|0|0|0|0|0|0,6|0,6|0,6|0,6|0,6|0,6|0,6|0,6|0,7,6|1|1|1|1|1|1|1|1|1|1|1|0,6|0,6|0,6|0,6|0,6|0,6|0,6|0,6|0,6|0|0|0|0|0|0|0|0|0,6|0,6|0,6|0,6|0,6|0,6|0,6|0,6|0,7,6|1|1|1|1|1|1|1|1|1|1|0,6|0,6|0,6|0,6|0,6|0,6|0|0|0|0|0|0|0|0|0|0|0|0|0|0|0,6|0,6|0,6|0,6|0,6|0,6|0,7,6|1|1|1|1|1|1|1|1|1|1|0,6|0,6|0,6|0,6|0,6|0,6|0|0|0|0|0|0|0|0|0|0|0|0|0|0|0|0,6|0,6|0,6|0,6|0,6|0,7,6|1|1|1|1|1|1|1|1|1|1|0,6|0,6|0,6|0,6|0,6|0,6|0|0|0|0|0|0|0|0|0|0|0|0|0|0|0|0,6|0,6|0,6|0,6|0,6|0,6|0,6|1|1|1|1|1|1|1|1|0,6|0,6|0,6|0,6|0,6|0,6|0,6|0|0|0|0|0|0|0|0|0|0|0|0|0|0|0|0,6|0,6|0,6|0,6|0,6|0,6|0,6|1|1|1|1|1|1|1|1|0,6|0,6|0,6|0,6|0,6|0,6|0|0|0|0|0|0|0|0|0|0|0|0|0|0|0|0|0|0,6|0,6|0,6|0,6|0,6|0,6|1|1|1|1|1|1|1|1|0,6|0,6|0,6|0,6|0,6|0,6|0|0|0|0|0|0|0|0|0|0|0|0|0|0|0|0|0|0,6|0,6|0,6|0,6|0,6|0,6|1|1|1|1|1|1|1|1|0,6|0,6|0,6|0,6|0,6|0,6|0|0|0|0|0|0|0|0|0|0|0|0|0|0|0|0|0|0,6|0,6|0,6|0,6|0,6|0,6|0,6|1|1|1|1|1|1|1|2,6|0,6|0,6|0,6|1|0,6|1|0|0|0|0|0|0|0|0|0|0|0|0|0|0|0|0|0|0,6|0,6|0,6|0,6|0,6|0,6|1|1|1|1|1|1|1|1|0,6|0,6|0,6|1|4,3,6|1|2|0|0|0|0|0|0|0|0|0|0|0|0|0|0|0|0|0,6|0,6|0,6|0,6|0,6|0,6|1|1|1|1|1|1|1|1|1|1|1|1,5,3|1,3|1|1|1|0|0|0|0|0|0|0|0|0|0|0|0|0|0|0|0,6|0,6|0,6|0,6|0,6|0,6|1|1|1|1|1|1|1|1|1|1|1|1|1|1,3|4,3,6|0,8,6|0|0|0|0|0|0|0|0|0|0|0|0|0|0|0|0,6|0,6|0,6|0,6|0,6|0,6|1|1|1|1|1|1|1|1|1|1|1,5,3|1,3|1|1,5,3|1|1|0|0|0|0|0|0|0|0|0|0|0|0|0|0|0|0,6|0,6|0,6|0,6|0,6|0,6|1|1|1|1|1|1|1|1|2,6|0,6|1|4,3,6|1|2|0|0|0|0|0|0|0|0|0|0|0|0|0|0|0|0|0|0,6|0,6|0,6|0,6|0,6|0,6|1|1|1|1|1|1|1|0,6|0,6|0,6|1|0,6|1|0|0|0|0|0|0|0|0|0|0|0|0|0|0|0|0|0|0|0,6|0,6|0,6|0,6|0,6|0,6|1|1|1|1|1|1|1|0,6|0,6|0,6|0,6|0,6|0,6|0|0|0|0|0|0|0|0|0|0|0|0|0|0|0|0|0|0|0,6|0,6|0,6|0,6|0,6|0,6|1|1|1|1|1|1|0,6|0,6|0,6|0,6|0,6|0,6|0,6|0|0|0|0|0|0|0|0|0|0|0|0|0|0|0|0|0|0,6|0,6|0,6|0,6|0,6|0,6|0,6|1|1|1|1|1|1|0,6|0,6|0,6|0,6|0,6|0,6|0,6|0|0|0|0|0|0|0|0|0|0|0|0|0|0|0|0|0|0,6|0,6|0,6|0,6|0,6|0,6|0,6|1|1|1|1|1|1|0,6|0,6|0,6|0,6|0,6|0,6|0,6|0|0|0|0|0|0|0|0|0|0|0|0|0|0|0|0|0|0,6|0,6|0,6|0,6|0,6|0,6|0,6|1|1|1|1|1|1|0,6|0,6|0,6|0,6|0,6|0,6|0,6|0|0|0|0|0|0|0|0|0|0|0|0|0|0|0|0|0,6|0,6|0,6|0,6|0,6|0,6|0,6|0,6|1|1|1|1|1|1|0,6|0,6|0,6|0,6|0,6|0,6|0,6|0|0|0|0|0|0|0|0|0|0|0|0|0|0|0|0|0,6|0,6|0,6|0,6|0,6|0,6|0,6|0,6|1|1|1|1|1|1|0,6|0,6|0,6|0,6|0,6|0,6|0,6|0,6|0|0|0|0|0|0|0|0|0|0|0|0|0|0|0,6|0,6|0,6|0,6|0,6|0,6|0,6|0,6|1|1|1|1|1|1|1|0,6|0,6|0,6|0,6|0,6|0,6|0,6|0,6|0|0|0|0|0|0|0|0|0|0|0|0|0|0,6|0,6|0,6|0,6|0,6|0,6|0,6|0,6|0,6|1|1|1|1|1|1|1|0,6|0,6|0,6|0,6|0,6|0,6|0,6|0,6|0,6|0|0|0|0|0|0|0|0|0|0|0|0|0,6|0,6|0,6|0,6|0,6|0,6|0,6|0,7,6|1|1|1|1|1|1|1|1|1|0,6|0,6|0,6|0,6|0,6|0,6|0,6|0,6|0,6|0|0|0|0|0|0|0|0|0|0|0,6|0,6|0,6|0,6|0,6|0,6|0,6|0,6|0,7,6|1|1|1|1|1|1|1|1|1|0,6|0,6|0,6|0,6|0,6|0,6|0,6|0,6|0,6|0,6|0,6|0|0|0|0|0|0|0,6|0,6|0,6|0,6|0,6|0,6|0,6|0,6|0,6|0,6|1|1|1|1|1|1|1|1|1|1|1|0,6|0,6|0,6|0,6|0,6|0,6|0,6|0,6|0,6|0,6|0,6|0,6|0,6|0,6|0,6|0,6|0,6|0,6|0,6|0,6|0,6|0,6|0,6|0,6|0,6|0,6|1|1|1|1|1|1|1|1|1|1|1|0,6|0,6|0,6|0,6|0,6|0,6|0,6|0,6|0,6|0,6|0,6|0,6|0,6|0,6|0,6|0,6|0,6|0,6|0,6|0,6|0,6|0,6|0,6|0,6|0,6|1|1|1|1|1|1|1|1|1|1|1|1|1|0,6|0,6|0,6|0,6|0,6|0,6|0,6|0,6|0,6|0,6|0,6|0,6|0,6|0,6|0,6|0,6|0,6|0,6|0,6|0,6|0,6|0,6|0,6|1|1|1|1|1|1|1|1|1|1|1|1|1|1|1|1|0,6|0,6|0,6|0,6|0,6|0,6|0,6|0,6|0,6|0,6|0,6|0,6|0,6|0,6|0,6|0,6|0,6|0,6|0,6|1|1|1|1|1|1|1|1|1|1|1|1|1|1|1|1|1|1|1|1|0,6|0,6|0,6|0,6|0,6|0,6|0,6|0,6|0,6|0,6|0,6|0,6|0,6|0,6|0,6|1|1|1|1|1|1|1|1|1|1|1|1|1|1|1|1|1|1|1|1|1|1|1|1|1|0,6|0,6|0,6|0,6|0,6|0,6|0,6|0,6|0,6|0,6|1|1|1|1|1|1|1|1|1|1|1|1|1|1|1|1|1|1|1|1|1|1|1|1|1|1|1|1|1|0,6|0,6|0,6|0,6|0,6|1|1|1|1|1|1|1|1|1|1|1|1|1|1|1|1|1|1|1|1|1|1|1|1|1|1|1|1|1|1|1|1|1|1|0,6|1|1|1|1|1|1|1|1|1|1|1|1|1|1|1|1|1|1|1|1|1|1|1|1|1|1|1|1|1|1|1|1|1|1|1|1|4,3,6|1|1|1|1|1|1|1|1|1|1|1|1|1|1|1|1|1|1|1|1|1|1|1|1|1|1|1|1|1|1|1|1|1|1|1|1|1,3|1|1|1|1|1|1|1|1|1|1|1|1|1|1|1|1|1|1|1|1|1|1|1|1|1|1|1|1|1|1|1|1|1|1|1|1|1,3|1|1|1|1|1|1|1|1|1|1|1|1|1|1|1|1|1|1|1|1|1|1|1|1|1|1|1|1|1|1|1|1|1|1|1|1|1,4,3|1|1|1|1|1|1|1|1|1|1|1|1|1|1|1|1|1|1|1|
